
              Métricas de todo o programa             

s01 NY Times 1 Newspaper 
s02 Washington Post 1 Newspaper 
s03 Wall Street Journal 1 Newspaper 
s04 USA Today 1 Newspaper 
s05 LA Times 1 Newspaper 
s06 New York Post 1 Newspaper 
s07 CNN 2 TV 
s08 MSNBC 2 TV 
s09 FOX News 2 TV 
s10 ABC 2 TV 
s11 BBC 2 TV 
s12 Yahoo News 3 Online 
s13 Google News 3 Online 
s14 Reuters.com 3 Online 
s15 NYTimes.com 3 Online 
s16 WashingtonPost.com 3 Online 
s17 AOL.com 3 Online 

0 1 1 1 1 0 0 0 0 0 0 0 0 0 1 0 0 
1 0 1 0 1 0 0 0 1 1 0 0 0 0 0 0 0 
1 1 0 1 1 0 1 1 0 1 1 1 0 0 0 0 0 
1 0 1 0 0 1 0 0 0 0 1 1 0 0 1 0 1 
1 1 1 0 0 0 0 0 1 0 0 0 0 0 1 0 0 
0 0 0 1 0 0 0 0 0 0 0 1 0 0 1 1 1 
0 0 1 0 0 0 0 1 0 1 0 0 0 1 0 0 0 
0 0 1 0 0 0 1 0 1 0 0 0 0 0 0 0 0 
0 1 0 0 1 0 0 1 0 1 0 0 0 0 0 0 0 
0 1 1 0 0 0 1 0 1 0 0 0 0 0 0 0 0 
0 0 1 1 0 0 0 0 0 0 0 0 0 1 0 0 0 
0 0 1 1 0 1 0 0 0 0 0 0 1 1 0 0 0 
0 0 0 0 0 0 0 0 0 0 0 1 0 1 0 0 1 
0 0 0 0 0 0 1 0 0 0 1 1 1 0 0 0 0 
1 0 0 1 1 1 0 0 0 0 0 0 0 0 0 0 0 
0 0 0 0 0 1 0 0 0 0 0 0 0 0 0 0 1 
0 0 0 1 0 1 0 0 0 0 0 0 1 0 0 1 0 


Grau de nós:
 s01 5,000
 s02 5,000
 s03 9,000
 s04 7,000
 s05 5,000
 s06 5,000
 s07 4,000
 s08 3,000
 s09 4,000
 s10 4,000
 s11 3,000
 s12 5,000
 s13 3,000
 s14 4,000
 s15 4,000
 s16 2,000
 s17 4,000
 

Centralidade dos nós:
 s01 0,319
 s02 0,291
 s03 0,449
 s04 0,353
 s05 0,293
 s06 0,207
 s07 0,194
 s08 0,165
 s09 0,192
 s10 0,222
 s11 0,187
 s12 0,249
 s13 0,107
 s14 0,145
 s15 0,231
 s16 0,070
 s17 0,145
 
O nó com maior centralidade é: Wall Street Journal : 0,449

Grau médio de nós:
4,471

Densidade:

27,941%

Potências da Matriz Adjacências:

 Matriz de expoente (k): 1

0 1 1 1 1 0 0 0 0 0 0 0 0 0 1 0 0 
1 0 1 0 1 0 0 0 1 1 0 0 0 0 0 0 0 
1 1 0 1 1 0 1 1 0 1 1 1 0 0 0 0 0 
1 0 1 0 0 1 0 0 0 0 1 1 0 0 1 0 1 
1 1 1 0 0 0 0 0 1 0 0 0 0 0 1 0 0 
0 0 0 1 0 0 0 0 0 0 0 1 0 0 1 1 1 
0 0 1 0 0 0 0 1 0 1 0 0 0 1 0 0 0 
0 0 1 0 0 0 1 0 1 0 0 0 0 0 0 0 0 
0 1 0 0 1 0 0 1 0 1 0 0 0 0 0 0 0 
0 1 1 0 0 0 1 0 1 0 0 0 0 0 0 0 0 
0 0 1 1 0 0 0 0 0 0 0 0 0 1 0 0 0 
0 0 1 1 0 1 0 0 0 0 0 0 1 1 0 0 0 
0 0 0 0 0 0 0 0 0 0 0 1 0 1 0 0 1 
0 0 0 0 0 0 1 0 0 0 1 1 1 0 0 0 0 
1 0 0 1 1 1 0 0 0 0 0 0 0 0 0 0 0 
0 0 0 0 0 1 0 0 0 0 0 0 0 0 0 0 1 
0 0 0 1 0 1 0 0 0 0 0 0 1 0 0 1 0 


 Matriz de expoente (k): 2

5 2 3 2 3 2 1 1 2 2 2 2 0 0 2 0 1 
2 5 3 2 3 0 2 2 2 2 1 1 0 0 2 0 0 
3 3 9 3 2 2 2 1 4 2 1 1 1 3 3 0 1 
2 2 3 7 3 3 1 1 0 1 1 2 2 2 2 2 1 
3 3 2 3 5 1 1 2 1 3 1 1 0 0 1 0 0 
2 0 2 3 1 5 0 0 0 0 1 1 2 1 1 1 2 
1 2 2 1 1 0 4 1 2 1 2 2 1 0 0 0 0 
1 2 1 1 2 0 1 3 0 3 1 1 0 1 0 0 0 
2 2 4 0 1 0 2 0 4 1 0 0 0 0 1 0 0 
2 2 2 1 3 0 1 3 1 4 1 1 0 1 0 0 0 
2 1 1 1 1 1 2 1 0 1 3 3 1 0 1 0 1 
2 1 1 2 1 1 2 1 0 1 3 5 1 1 2 1 3 
0 0 1 2 0 2 1 0 0 0 1 1 3 1 0 1 0 
0 0 3 2 0 1 0 1 0 1 0 1 1 4 0 0 1 
2 2 3 2 1 1 0 0 1 0 1 2 0 0 4 1 2 
0 0 0 2 0 1 0 0 0 0 0 1 1 0 1 2 1 
1 0 1 1 0 2 0 0 0 0 1 3 0 1 2 1 4 


 Matriz de expoente (k): 3

12 15 20 17 14 7 6 6 8 8 5 7 3 5 12 3 4 
15 12 20 9 14 5 7 7 12 12 5 5 1 4 7 0 2 
20 20 18 20 22 8 15 15 8 18 15 18 5 5 10 3 6 
17 9 20 14 9 14 7 4 7 6 12 17 5 6 15 4 14 
14 14 22 9 10 5 7 4 13 7 5 6 1 3 12 1 4 
7 5 8 14 5 8 3 2 1 2 6 13 4 4 11 7 11 
6 7 15 7 7 3 4 8 5 10 3 4 2 9 3 0 2 
6 7 15 4 4 2 8 2 10 4 3 3 2 3 4 0 1 
8 12 8 7 13 1 5 10 4 12 4 4 0 2 3 0 0 
8 12 18 6 7 2 10 4 12 6 4 4 2 3 6 0 1 
5 5 15 12 5 6 3 3 4 4 2 4 4 9 5 2 3 
7 5 18 17 6 13 4 3 4 4 4 6 9 11 6 4 5 
3 1 5 5 1 4 2 2 0 2 4 9 2 6 4 2 8 
5 4 5 6 3 4 9 3 2 3 9 11 6 2 3 2 4 
12 7 10 15 12 11 3 4 3 6 5 6 4 3 6 3 4 
3 0 3 4 1 7 0 0 0 0 2 4 2 2 3 2 6 
4 2 6 14 4 11 2 1 0 1 3 5 8 4 4 6 4 
